96 -65 -25 37 -34 55 55 58 -78 -63 -76 96 -84 -48 -38 -24 7 -72 52 -65 -39 -14 -93 -50 20 -82 -67 9 -93 72 -93 -22 
8 79 -96 62 45 50 71 -96 58 -69 -44 -43 -89 8 -90 -64 -54 56 -29 -1 83 20 -68 -98 -74 -74 -29 10 1 -19 19 96 
-57 -55 -82 87 92 5 36 60 -30 83 83 68 83 -36 42 -17 56 -41 35 75 -55 26 56 -89 -50 71 77 -23 -66 1 86 74 
-27 -89 -78 -8 59 96 -8 84 -61 16 -79 -26 -14 -14 -25 53 -55 6 -4 35 27 -35 62 -15 19 91 -38 31 0 -29 -82 -18 
74 73 -53 74 -86 -100 -69 -30 -91 -85 47 -63 -78 50 4 -14 -12 -43 -65 -32 57 -100 -57 -68 -68 47 98 42 80 4 98 94 
-42 87 -47 75 17 -63 -85 -92 0 52 -68 -97 83 -91 -62 -82 34 -37 91 72 -13 72 -62 -72 90 -42 -42 -4 77 -45 91 9 
73 64 61 92 -89 -34 -6 -76 -37 58 8 30 -17 -13 -40 -47 67 97 33 36 -80 -40 -1 45 -99 -67 69 60 -87 -15 -64 -34 
-62 -60 22 -2 -74 -12 88 -95 -9 21 4 -72 -84 -85 -66 60 39 -10 -41 61 81 21 86 -77 36 39 23 17 -6 -3 -15 31 
42 76 13 -81 12 -54 -69 74 -91 87 7 -44 4 -2 36 69 -27 99 -41 25 78 15 40 99 -55 34 -60 69 82 64 71 -29 
41 56 40 97 -95 -47 37 -15 -22 -43 -31 -46 13 -85 51 -83 31 -97 57 98 -57 77 -52 43 -62 -2 -99 95 23 74 33 -14 
-1 87 -31 -14 63 0 29 -43 1 -6 34 10 -96 -45 42 -99 -93 -61 -37 -41 -77 -16 -30 93 -32 36 49 -41 17 -54 -73 -60 
11 -30 31 60 29 48 44 -90 -87 12 43 -4 84 45 -79 51 66 -65 55 -65 -76 -81 -85 47 -45 -20 89 -59 -14 -87 81 97 
47 -8 83 6 -70 -63 -39 60 -15 -13 -69 0 19 18 41 65 -21 74 -28 76 0 -93 70 75 91 13 52 -31 -32 14 -24 -15 
41 2 76 -9 -49 10 -28 -9 -6 -16 -5 -10 91 -14 1 38 -48 -35 -21 -27 -8 -21 -69 7 -64 48 98 -45 -75 -38 -37 -100 
-30 -33 -78 -63 92 52 13 -49 84 59 90 86 37 28 -23 -71 -8 -25 35 -30 -68 40 75 -91 -47 84 83 -45 -65 -92 11 -30 
10 -80 30 43 -23 54 -67 -43 71 -77 -96 56 -87 -64 57 68 -22 25 -68 59 -100 -30 21 -20 -25 -86 56 49 31 13 -74 20 
72 -91 71 61 45 -15 -77 -49 -93 16 -83 -20 95 7 42 46 23 98 -50 48 63 88 -31 -20 -94 -46 96 -42 -36 13 -98 8 
-58 77 -27 87 -6 -84 23 -18 -89 -36 -62 26 -89 -87 76 -81 15 -69 -30 -39 -90 -78 -41 -28 18 75 44 56 -56 -53 3 -9 
-30 25 96 -95 38 96 -86 -5 76 52 70 75 -24 -34 -51 79 -95 51 63 -98 17 -94 -16 -50 55 -91 -70 64 25 31 -93 -6 
-19 8 -71 11 10 -19 -77 -68 -70 -77 -87 -11 -5 -84 95 -18 87 11 -34 -73 -88 -51 -61 41 -40 -22 20 55 -80 -78 40 71 
-33 43 -81 -82 -2 -70 -78 3 -63 -57 92 -86 -80 -74 25 -84 87 -77 6 -28 -93 -66 73 38 86 23 -30 -85 29 84 2 -24 
24 33 42 -48 -23 15 96 14 97 -32 94 -56 -73 26 -36 33 34 18 -25 -74 -62 -85 -63 -37 49 -17 98 46 -64 20 71 -36 
15 -93 -61 58 -59 77 4 -57 -55 79 71 57 -88 -40 14 -11 64 -79 25 19 -76 92 67 73 -95 15 86 -2 -56 43 73 18 
78 -48 73 29 -64 4 54 93 59 -52 32 12 -14 -22 -79 32 -87 47 37 5 -94 34 -57 24 46 -62 -59 -59 47 -31 -56 -76 
83 -87 -91 39 -37 83 63 -64 45 -98 -16 48 87 -3 77 -85 21 69 -14 -86 76 53 86 -64 32 -42 0 -78 19 93 -70 65 
71 54 -35 -86 -58 -85 -74 -56 -16 30 -41 -9 -67 84 -15 20 -5 -86 40 -68 82 68 -1 66 30 -29 -74 5 93 79 57 57 
-78 -98 -5 -44 -55 -60 19 84 91 -61 54 -88 -68 -60 -75 -4 84 71 0 -15 -77 40 -38 -4 -95 3 47 6 53 -64 60 -52 
-53 -94 -58 -41 -69 69 -74 94 -80 30 91 35 46 -88 57 -76 -96 -84 57 -45 -47 0 32 80 -71 -37 -84 53 66 -88 -76 18 
68 -63 -17 90 -19 22 -88 -59 93 63 89 -72 -14 -50 86 82 39 -48 67 -63 10 -43 -88 -100 -90 -11 -85 58 -74 94 39 -21 
67 60 -83 37 -72 96 -16 58 3 85 61 79 -81 78 90 -48 -56 35 -90 43 -81 -42 50 -94 -9 9 55 -51 7 -21 -88 -89 
