52 -29 -81 28 -55 98 -19 21 47 -58 25 10 38 -57 41 37 -81 3 23 7 49 7 -78 -30 66 51 -65 9 49 -85 
80 -66 -62 11 -20 26 17 20 56 18 18 68 -93 -17 -96 -94 56 14 77 74 -89 58 42 -10 93 15 -89 6 22 1 
5 8 -32 36 82 36 -62 -75 -91 -78 20 -64 18 37 17 19 96 -13 -86 27 73 21 -67 -98 -6 -11 -50 25 28 -66 
20 91 59 -64 -72 -79 37 83 -39 75 -76 -20 59 47 -49 -10 81 -83 38 -53 -39 -21 61 -20 -64 -55 -29 -60 -19 -9 
75 -77 -6 86 42 -70 24 -75 -78 19 82 77 -81 19 69 -41 -7 -38 62 92 -31 -78 12 69 -41 -90 32 -19 -77 -83 
-45 35 42 -81 31 12 -61 63 32 80 27 33 92 -84 70 -1 -79 41 55 -25 77 -86 18 -81 -100 99 -72 -37 62 48 
51 70 -49 76 -38 23 -53 76 54 14 -63 -45 -90 72 -57 55 9 23 -33 -69 51 13 -24 62 65 -78 32 36 96 -20 
25 -28 -54 -81 25 2 99 -2 22 -66 43 -96 -30 12 5 70 84 -59 15 -69 71 -2 99 45 -2 0 78 -44 96 8 
-42 -39 49 24 18 -39 -87 -3 -76 58 -71 58 -14 92 75 85 6 -77 58 40 -38 45 42 11 -80 -97 -16 8 9 85 
-43 15 84 -7 -41 -45 -71 36 96 45 -26 11 3 -32 43 -85 37 -100 49 16 -31 -73 -64 19 31 -31 -95 -62 -35 14 
65 -52 -11 17 -24 -75 73 39 96 -81 -67 -70 -6 90 -59 0 -35 -19 -9 -77 -56 -43 17 97 -86 -83 -66 -97 80 95 
-99 -38 39 -78 50 -90 43 93 -94 27 -81 -6 -7 -100 -74 -81 -34 -94 -79 -95 -23 81 -71 -23 -5 -72 24 12 63 15 
43 -59 80 44 11 62 4 23 93 -8 95 -81 22 -9 -77 -28 -46 41 -2 86 -97 -88 20 -3 -82 69 -74 11 82 -48 
3 0 60 -99 -81 4 -19 -71 -70 -54 -59 6 -86 -69 12 -29 51 88 96 -72 -83 -76 -49 65 -49 1 -11 -56 59 -46 
55 88 -46 -79 1 -9 97 -69 -67 -45 -20 72 69 -88 58 63 19 -87 -55 97 6 -58 -68 53 -72 -100 82 -84 31 75 
73 -19 0 -20 58 -60 -62 18 87 -1 74 83 90 58 -69 -90 88 -37 -79 -73 -42 -56 -90 32 -86 -49 -84 67 69 -2 
-5 -10 8 -35 -11 -35 37 -48 49 -90 87 -71 30 -7 -27 94 48 23 -78 -73 23 69 81 -29 -66 9 -73 83 -15 -52 
-55 71 -93 40 64 24 86 83 58 -51 12 -43 -37 -38 -89 -89 -84 70 -20 -100 10 35 45 68 -14 -12 -26 39 -68 -38 
88 71 -75 55 61 -63 -94 31 3 -82 -70 -45 -91 36 -29 80 -18 66 23 -64 -9 76 64 16 26 28 58 1 0 10 
16 -86 1 -99 98 38 -46 -22 -11 -62 -92 -43 43 99 26 -50 61 21 -38 61 39 -50 -24 -16 51 44 -72 -76 24 -12 
83 -61 27 85 19 -50 -1 -28 18 91 33 82 88 0 31 99 84 89 83 -96 -43 -59 -45 95 73 8 75 48 -35 -59 
-76 52 -74 -70 46 98 56 -39 -60 10 93 -77 87 -91 16 16 -26 12 42 -27 44 -40 21 93 -61 -78 -80 91 -40 69 
2 70 -26 65 74 78 -56 96 46 -73 81 -66 -86 11 22 21 20 -83 95 94 62 -93 -87 7 35 -93 39 49 -10 -30 
99 -71 -73 -24 7 98 -25 -32 -47 1 -90 -57 -41 -39 -37 -13 78 0 12 -10 26 66 -26 90 89 76 95 -49 16 59 
-6 -68 -93 -98 -20 99 95 -79 77 -89 -30 -12 88 -22 53 -92 -18 2 -48 -24 -9 59 -17 -90 -53 12 -4 79 17 67 
69 64 -50 -71 96 11 -80 -82 -12 69 -69 -60 17 -23 -92 -89 -77 53 -12 -32 3 -4 79 -74 -9 -52 -83 -18 91 48 
73 -100 -49 -88 72 67 74 -41 93 -47 -80 -90 -37 47 81 72 81 -73 -94 -90 -99 86 -81 -13 -86 -3 17 26 60 -94 
20 -73 -82 -28 85 51 50 8 10 -68 97 -35 -70 76 -37 47 39 -7 -55 50 -15 -75 40 -84 -83 95 -47 88 77 98 
-16 -56 -38 76 -71 -85 -25 89 -30 40 0 1 85 58 -94 -32 92 12 -99 -92 -86 47 -48 76 -65 -95 -60 79 44 -80 
-5 43 -96 80 -46 71 2 -71 -27 -93 97 -60 34 14 96 39 -55 80 -83 39 2 1 -35 -42 48 -94 -56 94 92 -85 
51 -44 76 -92 69 88 -2 72 -79 93 72 -89 -10 44 66 -61 -44 93 -42 45 72 48 38 73 -47 96 -81 23 -100 -54 
-91 -5 93 -66 -64 7 -33 3 21 -80 54 55 -57 78 19 -89 -57 -8 7 -93 98 -8 -4 -50 -30 -62 96 -83 64 3 
-29 -82 -48 23 -61 -5 -67 19 54 -89 -89 37 57 -56 -30 49 -82 -43 42 37 50 -86 -37 47 96 -54 85 93 88 -83 
-16 -82 61 -14 76 23 86 -75 5 -48 -78 29 21 -40 -95 56 50 30 -40 24 65 -46 69 -14 99 -61 -51 -5 96 19 
51 94 1 8 9 85 34 99 -29 84 -97 86 66 92 62 82 -41 30 22 -41 89 -59 46 72 0 66 -6 93 3 -86 
-87 -22 87 -37 42 -55 96 -57 -96 -60 -3 -96 -12 93 -81 -4 42 33 3 -85 -98 -94 49 31 -23 37 35 42 46 -100 
41 -89 42 -52 -12 -62 -52 65 35 -23 -71 -88 -53 87 -70 -51 17 -73 -70 71 69 -2 -77 9 87 -28 -87 74 85 76 
-31 -49 -15 81 82 55 68 11 69 -96 7 -5 74 -64 -44 20 84 95 32 59 -11 -5 -20 72 -44 -29 92 -100 38 -72 
80 -3 18 -32 25 -55 -6 -91 -10 48 71 -2 -65 60 -27 45 49 53 7 1 -28 -72 11 -12 9 40 89 -9 17 -24 
-40 -11 2 -16 -70 -58 -14 -50 65 -99 -63 86 -6 -52 74 29 17 53 -30 83 77 -28 -19 23 -51 -84 53 -89 51 71 
20 -48 56 99 -12 51 80 57 -68 33 15 39 -18 40 -75 -48 -17 -18 -42 -38 47 77 -91 -87 74 -8 50 -38 -10 37 
-15 42 61 67 -75 -56 29 -82 28 1 95 17 -11 11 13 27 -72 75 -41 86 45 51 32 11 -33 -42 68 74 90 54 
20 -95 11 -96 -26 -46 -73 -66 -33 -14 -57 -42 -22 55 58 -80 -58 -22 11 -50 34 5 20 15 92 39 92 77 19 -3 
-27 40 65 -85 25 17 -43 36 54 -12 32 23 -97 80 55 -78 -42 24 64 59 63 71 -88 -12 -42 0 84 15 -61 68 
-49 51 -100 48 -37 5 -92 -19 84 26 59 73 -95 -28 -97 -49 -100 -85 -47 91 -36 46 82 -64 97 -21 -48 69 16 -29 
68 -35 55 41 30 54 44 20 43 -12 57 27 54 -89 90 -47 76 51 58 58 -100 71 -21 -12 79 -64 -36 9 -100 30 
-48 12 -8 -34 -3 -94 84 -14 50 -85 -33 -33 -44 -32 13 69 75 -40 72 -4 -23 62 -50 -67 -38 77 -93 -66 26 -97 
57 75 -60 -15 61 1 -57 36 12 84 -18 48 86 76 -73 -31 74 -37 67 -10 18 98 -56 32 -80 93 92 8 -32 -12 
-37 -28 72 12 -53 44 -90 -99 30 47 -39 -92 -41 -45 26 -60 -79 37 -68 -7 -36 -82 82 38 -55 95 16 -49 96 86 
-27 -79 95 89 -8 97 62 -54 48 -6 -38 44 0 -37 55 -91 -13 -48 89 5 -52 39 44 -42 17 -74 -94 36 -24 52 
